839580
839550
838832
837790
839347
839534
839267
837602
837630
839300
837724
839385
838078
839389
839525
839408
839173
839578
839549
837028
837059
837077
5007665
837117
837220
837226
837252
837270
837272
837273
837274
2745747
837351
837371
837389
837479
837502
837526
837551
837596
6241237
5007682
837697
837753
837768
837782
837798
837870
837920
837955
837965
837999
838051
838052
838069
838087
838134
838136
838174
838182
838207
838256
838315
838375
838399
838409
838421
5007704
838467
838478
838540
838570
838606
838660
838683
838735
838740
838801
6240889
838850
838912
838914
838920
839048
839132
839166
839168
839585
839592
839654
839659
839691
839717
839729
839790
839930
839945
839955
839958
839974
840024
840062
840063
840075
840109
840272
840310
840353
840367
840510
840901
841019
841047
841214
841246
841286
841291
841336
841381
841409
841464
841477
841567
841605
841610
841611
841612
841613
841664
6241310
6241332
841698
2745824
841722
841752
841769
841805
841807
841820
841848
841849
841944
842052
842121
842126
842170
842186
842209
842288
842300
842305
842306
842314
842355
842362
842367
842368
3767593
842396
842431
842455
842483
842535
5007832
842542
842558
842559
842574
842647
842650
842687
842716
842754
842755
842756
842774
842825
842872
842904
839140
842935
842964
842965
5007836
843035
843054
5007838
843107
843120
843122
843143
843221
843237
843273
843280
843282
843287
843296
843317
843362
843378
843408
843420
843438
843504
843538
843552
843581
843611
843643
843660
843664
843722
843739
5007848
843790
843804
843823
843875
843908
843911
843916
843950
843983
844004
844010
844034
844036
844051
844069
844074
844086
844099
844135
844270
844271
844283
844329
844356
844422
814714
814770
815100
7922291
815143
815895
815896
816103
816173
816175
816180
816248
816280
816350
816384
6240648
816485
816522
816527
816574
3767875
816690
816694
816702
816720
816721
816779
816788
816789
816797
816799
816817
816819
816833
816894
816961
816966
817017
817054
817130
6240611
817242
817243
817274
817280
817288
817312
817337
817357
817412
6241140
817418
817427
817448
817454
817497
817512
817524
817545
817586
5007913
817616
817635
817663
817664
5007916
817753
817757
817784
817787
817791
817804
817826
817901
817920
817929
817963
817996
818002
818013
818026
818059
818080
818084
818088
818124
818143
818154
818155
818181
818182
818183
3768574
818199
818262
818289
818305
818344
5007942
818363
818435
818497
818506
818520
818522
818525
818526
818538
818553
818554
818586
818600
818601
818615
818641
818693
818706
818732
818777
2745590
818802
818806
818861
818907
818908
818961
819045
819065
819129
819130
819159
819221
819280
819288
819308
819309
819314
819329
819331
819340
819373
819390
821314
821232
821171
821309
821124
821270
821182
820386
821162
821064
819556
819561
819562
819609
819632
819677
819758
819761
2745871
819907
819951
819981
819995
820034
820071
2745877
820080
820106
820157
820191
820194
820209
820285
820307
820328
820497
820646
820648
5008002
820658
820685
820689
820696
820789
820793
820810
820929
3768803
821024
821325
821356
821445
821473
821503
821578
821583
821591
821625
7922426
821639
821646
821661
5008019
821731
821794
821845
821851
821884
821891
821895
821896
821897
821902
821928
821935
821961
821962
821970
821976
821987
822007
822018
822019
822032
822035
822164
822184
822187
822192
822208
822218
822248
822263
822334
822340
822387
822462
822463
822546
822547
822602
822697
822740
823067
823555
823576
823649
823668
823682
823773
823778
823822
823843
823854
823857
823858
823874
823905
823953
823957
823963
823984
824010
824011
824053
824055
824058
824073
824082
824097
824098
824100
6240705
824148
824188
824190
824245
824262
824296
824297
824303
824307
824317
824352
824394
824413
824516
824571
6241488
824616
824633
824642
824689
824738
824760
824789
824798
824807
824905
824922
825040
825091
825106
825138
5008096
825139
825160
825177
825184
825186
825220
825223
825226
825299
825316
825341
825363
825382
825399
825400
825522
828031
828015
826685
827962
826792
826853
827105
828146
827380
828081
828080
827931
827972
827970
826147
826148
826263
826426
826616
826630
826696
826706
826766
826770
826813
826838
826850
826860
826864
826917
826970
5008138
826991
827000
827020
841106
827051
827052
827082
827093
827119
827133
827174
827199
827200
827208
827229
827231
827238
827320
827339
827356
827369
827381
3770503
827400
827434
827446
827464
827563
827574
827663
827757
827830
827870
827884
828255
828271
828273
828318
828341
828344
828376
828380
828381
828444
828451
828486
6240360
828503
828534
828550
828612
828614
828625
828629
828633
828634
828642
828684
828714
828728
828738
828796
828839
828854
828855
828857
828910
828919
828950
828958
828971
829010
829035
829048
829129
829140
829141
829142
829151
829152
829160
829165
829187
829190
829260
829338
829381
2745734
829423
829452
829479
829541
829559
829582
829588
829612
829640
6240750
829645
829651
829672
829702
829724
829757
829768
829790
829792
829795
829797
829841
829847
829855
829876
829878
829889
829913
829930
829980
829991
829997
830011
830015
830062
3770597
6240827
830121
830136
830156
830162
6240840
831812
831414
831718
831850
831691
831782
831871
831784
831736
830937
831095
831903
831899
831889
831790
6241231
831787
831770
831763
831673
830326
830353
830365
830393
830414
830422
830429
830436
830545
830592
830601
6241428
830661
843924
830885
830892
830907
830923
830944
831060
831065
831075
831076
831102
831103
831128
831147
831154
831174
831233
831238
831248
831287
831326
831330
831346
5008213
831381
831440
831443
831444
831465
831497
831599
831648
831653
831535
831965
831996
832031
832043
832094
832111
832119
832177
832194
832204
832205
832206
832291
832307
832311
832353
832369
3770639
832460
832463
832474
832512
832557
832560
832582
832607
832646
832720
832715
6240698
832853
832871
832881
833437
833523
833757
5008282
833842
833843
833886
833920
833994
834049
834057
834062
834069
834206
834223
834274
834278
834336
834444
834473
834489
834509
834512
834522
834523
834531
834539
834542
834557
834596
834634
834647
834650
834660
834678
834771
834794
834825
834870
834896
834912
2746202
835004
835029
835031
835032
835053
6240658
3771478
835148
835179
835190
835196
835232
835241
835306
835378
835406
835413
835447
835468
835481
835482
835507
835535
820890
835600
835610
835630
835707
835722
835726
835755
835800
835830
835866
835901
835944
835980
836026
836040
836068
836072
836076
836093
836116
836167
836187
836197
836247
836259
836368
836478
836479
836480
836485
836531
836578
836626
836628
836646
836673
836679
836722
836749
836791
836797
836803
836837
836843
836869
836875
836888
