839321
837503
837247
839297
837332
837745
839483
839304
838400
838627
839531
839504
839449
839009
839436
839287
839406
839268
837029
837043
837058
837076
3766668
837178
837195
837211
837229
837239
837243
837263
837283
837358
837359
3766682
837455
837467
837504
837509
837575
837607
837654
837675
837676
837677
837714
837716
837725
837732
837777
837787
837803
837836
837843
837848
837860
837939
837943
837953
837996
838005
838020
838035
838049
838062
838065
838076
838093
838118
838151
838152
838153
838168
838220
838243
838246
838267
838284
838332
838386
838455
838463
838468
838498
838549
838552
838563
838584
838591
838621
838622
838674
838709
838723
838734
838742
838749
838755
838757
838821
838844
838846
838871
838877
838897
838909
838918
838921
830118
838943
838984
839014
839040
839057
5007720
839130
839194
839200
839218
839637
839660
839814
839830
839843
839847
839869
839870
839901
839916
839918
839932
839933
840000
840021
840022
840045
840047
840052
840067
840082
840098
840111
840114
840146
840148
840149
840184
840194
840207
840228
840242
840253
840254
840274
840297
840304
840324
840335
840630
840847
840895
840939
841000
841029
841033
841066
841088
841089
841099
841110
841324
841367
841369
841398
841421
841447
841449
841450
841534
841564
6241004
841565
841595
841607
841640
841652
841653
841659
841670
841682
841720
841756
5007797
841787
841839
841843
841876
841919
841921
841963
841984
841995
842016
842041
842064
842068
842083
842088
842096
842103
842104
842152
842165
842196
842294
3767578
3767579
842357
842386
842412
842446
842478
842498
842538
842547
842598
842629
842679
842692
842700
842721
842758
842759
842794
842798
842805
842814
842826
842830
842851
842862
842902
842922
842923
842927
842961
843002
843009
843010
843012
843015
843016
843060
843095
843099
843109
843110
843129
843155
843169
843176
843181
843189
843190
843215
843219
843247
843263
843271
843274
843288
843306
843319
843323
843398
843413
843427
843489
843490
843519
843520
843545
843593
843596
843625
843682
843691
843697
843699
843747
843784
843785
843806
843810
843812
843835
843836
843839
843847
843882
843888
843903
843905
843915
843921
843940
843942
843943
843990
844014
844041
844046
844075
844085
844094
844098
844137
844173
844179
844182
844185
844189
844194
844209
844219
844220
844230
844240
844245
844303
844311
844318
844330
844348
844403
844408
844411
814670
814688
814707
3768499
814733
814738
814775
814779
814823
814827
814860
814898
814902
814937
815055
815058
815079
815111
815210
815261
815846
815893
815939
815975
815994
815997
815998
816123
816135
816141
816186
816190
3768659
816287
816308
816365
816405
816459
816544
816545
816553
816579
816621
816623
816643
816671
816672
816673
816675
816692
816697
818503
816753
816756
816765
816784
816787
6241246
816845
816886
6241136
816900
816916
816943
3768109
816996
817006
817023
817046
817100
817126
817194
817195
817199
817231
817239
817272
2745565
817323
817360
817389
817436
817439
817444
817479
817481
817485
817515
817517
817544
817552
817582
817589
817593
817601
817603
817606
817626
817630
817646
817656
817659
817714
817761
817770
817815
817824
817847
817848
817849
817896
817955
817956
817962
817970
817978
817979
818009
818012
818014
818027
818046
818093
818110
818135
818149
818156
818169
818197
818212
818301
818314
818327
818356
818389
818427
818428
818436
818487
818507
818510
818532
818552
818558
818566
818572
818590
818647
818708
818716
818789
818794
818813
818820
818822
818839
818860
818869
818877
818880
818899
818903
818953
818954
818957
818958
818964
818984
818995
818996
818999
819029
819031
819071
819101
819123
819126
819127
819174
819198
819215
819219
819223
819228
819233
819246
819253
819262
819276
819277
819284
819295
819337
819358
819369
819372
819406
819419
819424
821278
821143
821137
821136
821134
821127
821073
821061
821298
821260
821230
821206
821070
821164
819553
819584
5007982
819636
819682
7922548
819728
819729
819742
819744
819749
819787
819813
5007987
819873
819932
819943
819968
820007
820013
820024
820041
820043
3768781
820138
820167
820169
820172
820182
820216
820222
820253
820257
820280
820339
820391
3768848
820461
820486
820609
820639
820665
820668
820704
820710
820718
820722
820732
820741
820775
820791
820797
820811
820827
820828
820845
820846
820859
820900
820918
820919
820961
820998
821330
821332
821333
821334
821379
821418
821422
821423
821435
821478
821482
821499
821509
821522
821582
821635
821657
821679
821681
821729
821730
821753
821768
821775
6240729
5008021
821791
821809
821810
843499
821908
821921
821922
821963
821967
822000
822075
822112
822167
822203
822232
822256
822265
822286
822335
822361
822391
822403
822416
822428
822431
822434
822437
3768969
822476
822508
822529
822536
822543
822590
822646
823446
823519
823580
823588
823589
823632
823652
823664
823802
823806
823807
823808
823816
823831
823850
823860
823878
823882
823899
823901
823903
823904
823942
823993
824000
824001
824020
824033
824087
824168
824172
824186
824189
824221
824232
824239
824243
824246
824270
824285
824292
824314
824323
824339
824383
824418
839670
824441
824457
824483
824485
824506
824515
824539
824547
824550
824557
824563
824572
824611
824647
824654
824655
824656
824670
824675
824678
824690
824715
824770
824774
824796
824797
824800
824824
824832
824861
824880
824929
824952
824989
825038
825051
825063
825103
825109
825147
825225
825229
825297
825303
825320
825328
825348
825355
825360
825368
825376
825384
825388
825414
825429
825437
825450
825457
825468
825489
825491
825516
825520
825526
828175
828016
827956
827965
825923
828009
827989
827948
827921
817919
828207
828181
828089
828118
827991
3770374
828213
827927
828183
828174
828160
828024
827996
825754
825789
825797
825821
825822
825866
826480
826481
826517
826551
826580
826591
826626
826632
826711
826715
826723
826751
826796
826797
826811
826840
826855
826892
826895
826902
826910
826956
5008139
826982
7922478
6240258
827018
827095
827109
827144
827146
827216
827222
827223
827291
827300
827395
3770172
827397
827403
827406
827407
827419
827436
827522
827530
827542
3770304
827548
827555
827568
827575
827578
827580
827581
827588
827608
827617
827623
827640
827655
827694
827695
827707
827741
827748
827771
827787
827790
827791
827866
827869
827877
828252
828280
828283
5008156
828352
828365
828369
828374
828382
828388
828412
828420
828421
828428
828429
828477
828494
828512
828513
828514
828547
828572
828577
828580
828581
2745725
828608
828651
828665
828683
828702
828721
828758
828767
828838
828861
828884
828908
828990
828994
828996
828999
829024
829045
829061
829094
829096
829148
829184
829189
3770562
829232
829309
829311
829359
829394
829413
829416
829432
829435
829437
829483
829484
829486
829488
829503
829507
829508
829564
829567
829571
829586
829613
829617
829631
829647
818042
829854
829862
829874
829886
829902
829911
829931
829954
830025
830026
830029
830032
830039
830046
830052
830056
830103
830154
830325
831681
831745
831799
831910
831426
831728
831689
831791
830301
830302
830315
830343
830347
830368
830372
830415
830457
830536
830541
830555
830578
830593
830604
830615
830639
830673
830694
830699
830724
830730
830735
830739
830772
830783
830879
830881
830895
830922
830973
830974
831013
831027
831041
831078
831084
831117
831135
831153
831182
831202
831207
831217
831222
831239
831255
831258
831259
831276
831288
831296
831368
831383
831393
831434
831453
831454
831458
831460
831484
831496
831500
831501
831516
831532
831544
831560
831562
831568
831587
831611
831618
831632
831633
831961
831984
832042
832066
832078
832105
832116
832197
832218
832230
832247
832248
832300
832321
832349
832365
832366
832370
832374
832376
832410
832447
832459
832477
832497
832518
832653
832667
832669
832787
832795
832798
832873
832987
833471
833535
833559
833589
833608
833659
833670
833710
833818
833828
833830
833840
3771365
833890
833891
833967
834012
834014
834015
834036
834044
834048
834060
834107
834177
834212
3771399
834364
834365
834367
834383
834396
834409
834422
834424
834428
834442
834466
834482
5008298
834497
834517
834589
834607
834623
834633
834652
834666
834669
834690
834785
834800
834831
834835
834883
834889
834904
834905
834937
834976
834981
835017
835037
835074
835080
835081
835146
835168
835220
3771487
835229
835230
835246
835280
835334
835366
835367
835368
835375
835402
835418
5008306
835431
835432
835469
835515
835539
835552
835560
835567
835621
835633
835638
835691
835787
835806
835808
835840
835841
835888
835895
835924
835926
835937
835945
835972
836043
836055
836079
836086
836087
836181
836192
836207
836209
836218
836248
836250
836251
836263
836273
836334
836343
836344
836356
836357
836359
836364
836384
836400
836405
836439
836490
836525
836529
836591
836598
836599
836608
836609
836618
836622
836625
836666
836685
836702
836713
836718
2746218
836741
836751
836767
836789
836838
836850
836853
836872
836874
